-12.4611111111
-14.6861111111
-14.5611111111
-12.9694444444
-13.5055555556
-14.8583333333
-15.2222222222
-15.1111111111
-13.7
-14.2027777778
-12.5722222222
-14.0111111111
-15.5222222222
-14.9527777778
-15.5305555556
-14.25
-15.8694444444
-15.6277777778
-16.0166666667
-15.2138888889
-15.4083333333
-16.4555555556
-17.4027777778
-17.3861111111
-16.7722222222
-18.2416666667
-17.6166666667
-17.3333333333
-16.7361111111
-17.0472222222
-15.2055555556
-16.8083333333
-18.5305555556
-17.2027777778
-17.2666666667
-17.175
-15.9444444444
-17.6972222222
-19.0
-18.1305555556
-17.4611111111
-16.1333333333
-16.5972222222
-16.1083333333
-16.8916666667
-16.1944444444
-15.7361111111
-16.075
-15.9638888889
-15.4638888889
-15.3805555556
-15.3694444444
-14.2638888889
-15.2166666667
-16.2666666667
-15.4111111111
-14.5888888889
-14.7888888889
-13.6916666667
-12.8833333333
-13.025
-13.6555555556
-13.3527777778
-12.0888888889
-11.9972222222
-12.3777777778
-12.4833333333
-13.5694444444
-12.0888888889
-11.625
-10.4861111111
-11.2444444444
-10.6694444444
-9.73611111111
-10.375
-9.86111111111
-9.05833333333
-7.86111111111
-8.42222222222
-8.18055555556
-6.70833333333
-6.29166666667
-5.9
-6.12777777778
-6.29722222222
-5.36666666667
-5.62222222222
-5.975
-6.05
-5.58055555556
-4.69166666667
-4.89444444444
-4.68333333333
-4.17222222222
-4.2
-3.25277777778
-2.52777777778
-2.78055555556
-2.33611111111
-2.33888888889
-2.61388888889
-1.64166666667
-1.81944444444
-1.52777777778
-1.575
-1.66944444444
-1.55833333333
-0.988888888889
0.122222222222
-0.408333333333
-0.480555555556
-3.08395284618e-18
0.247222222222
0.502777777778
0.45
0.561111111111
0.866666666667
1.18888888889
1.225
1.06666666667
1.18611111111
2.2
2.47222222222
2.57222222222
2.29444444444
1.975
1.74166666667
2.45833333333
2.54166666667
3.54444444444
3.45
4.01388888889
3.66388888889
4.26111111111
4.52777777778
4.23888888889
3.25555555556
3.97777777778
4.02777777778
4.70277777778
5.36111111111
4.58888888889
5.34722222222
5.08055555556
5.51388888889
6.03055555556
6.44722222222
5.82222222222
6.29166666667
6.73611111111
6.41388888889
6.23055555556
5.80277777778
6.63888888889
7.30555555556
8.06944444444
7.91944444444
8.25
8.13888888889
8.33611111111
8.33611111111
7.93055555556
7.88333333333
8.46666666667
8.65555555556
9.07222222222
9.34722222222
10.0583333333
10.1166666667
10.4416666667
10.4944444444
10.3333333333
10.4222222222
10.3166666667
10.0916666667
10.9111111111
10.925
10.4611111111
11.3722222222
10.9277777778
11.4111111111
11.3694444444
11.5388888889
11.2722222222
11.3777777778
11.3361111111
11.4722222222
12.2222222222
12.925
13.0138888889
12.875
13.05
12.9722222222
13.3388888889
13.3055555556
13.4777777778
13.425
13.9111111111
14.4277777778
14.575
14.2972222222
14.7694444444
14.9
14.6472222222
14.5694444444
14.7694444444
15.0277777778
15.3444444444
15.2472222222
15.1416666667
15.5083333333
16.0583333333
16.4638888889
16.5777777778
15.9111111111
15.7527777778
16.4333333333
15.8638888889
15.7583333333
15.8694444444
15.8194444444
16.2611111111
16.5555555556
16.4944444444
16.5555555556
16.3611111111
16.6027777778
16.3138888889
17.1444444444
16.9111111111
16.85
16.1416666667
15.3944444444
15.8777777778
15.9861111111
15.5027777778
15.4722222222
15.3111111111
15.6861111111
15.3555555556
15.3722222222
14.9138888889
14.9555555556
14.3416666667
14.3444444444
14.8055555556
14.2388888889
14.3888888889
14.1833333333
14.0083333333
13.7333333333
13.8444444444
13.2555555556
13.0222222222
12.9222222222
13.0583333333
13.1138888889
13.4861111111
12.0805555556
11.7777777778
11.3222222222
11.0111111111
11.2416666667
11.9472222222
10.8638888889
11.0027777778
10.9722222222
9.90833333333
9.80833333333
9.51111111111
9.04444444444
8.63333333333
7.94444444444
8.33611111111
7.79444444444
7.50277777778
7.775
7.05
7.10277777778
6.70555555556
6.87777777778
6.55833333333
5.81111111111
5.08333333333
5.24722222222
4.55555555556
4.41388888889
5.83611111111
5.46388888889
4.73611111111
4.54722222222
5.09444444444
4.66666666667
3.47777777778
3.19444444444
2.85833333333
3.29444444444
1.975
2.31944444444
2.85833333333
1.70277777778
2.74166666667
2.26111111111
1.025
0.875
0.922222222222
1.01388888889
1.075
0.569444444444
-0.275
0.461111111111
0.141666666667
-0.0916666666667
-0.411111111111
-0.0361111111111
-0.125
-0.075
-0.852777777778
-1.21388888889
-0.961111111111
-1.16111111111
-1.73333333333
-1.69166666667
-2.90277777778
-3.22222222222
-2.37222222222
-3.03333333333
-2.97222222222
-3.76666666667
-3.76666666667
-3.33055555556
-3.72222222222
-4.58055555556
-4.94444444444
-4.175
-4.46666666667
-4.99166666667
-4.72222222222
-5.54722222222
-5.67777777778
-6.68888888889
-8.06944444444
-8.59166666667
-8.49722222222
-7.63611111111
-7.97777777778
-7.3
-8.58888888889
-8.37777777778
-8.98333333333
-10.7666666667
-11.0805555556
-11.1194444444
-11.425
-10.5611111111
-11.4194444444
-12.5138888889
-12.1638888889
-11.05
-11.4805555556
-11.9888888889
-12.9972222222
-12.2055555556
-12.5611111111
-12.3083333333
