1.22222222222
1.63888888889
2.09722222222
0.972222222222
2.19444444444
0.958333333333
0.958333333333
0.847222222222
1.0
2.04166666667
0.888888888889
2.22222222222
2.0
3.19444444444
1.38888888889
0.833333333333
0.388888888889
1.58333333333
2.38888888889
1.77777777778
2.94444444444
1.51388888889
1.91666666667
0.805555555556
0.666666666667
0.555555555556
2.88888888889
2.11111111111
0.388888888889
1.52777777778
1.23611111111
1.22222222222
2.00555555556
1.95833333333
0.944444444444
0.916666666667
2.58333333333
0.944444444444
0.444444444444
0.527777777778
1.33333333333
0.444444444444
0.722222222222
0.361111111111
0.444444444444
0.347222222222
0.638888888889
0.722222222222
0.666666666667
1.11111111111
0.541666666667
2.75
1.19444444444
1.27777777778
0.861111111111
1.25
2.05555555556
1.47222222222
1.84722222222
1.19444444444
1.05555555556
1.0
0.875
1.11111111111
0.791666666667
0.930555555556
0.583333333333
0.763888888889
2.75
2.86111111111
2.02777777778
1.01388888889
1.54166666667
1.79166666667
0.638888888889
0.791666666667
3.11388888889
1.4
0.361111111111
1.31111111111
2.30555555556
0.652777777778
1.18055555556
1.91666666667
1.69444444444
2.69444444444
2.59722222222
1.29166666667
1.375
0.805555555556
0.888888888889
1.19444444444
2.25
3.16666666667
4.25
0.486111111111
1.86111111111
1.02777777778
1.76388888889
1.0
2.63888888889
3.13888888889
0.708333333333
0.513888888889
0.75
4.125
3.65277777778
1.70833333333
1.77777777778
2.0
2.36111111111
1.5
1.81944444444
0.430555555556
1.33333333333
2.18055555556
3.13888888889
3.5
2.58333333333
1.91666666667
2.375
1.59722222222
2.95833333333
2.77777777778
3.77777777778
1.72222222222
3.02777777778
1.93055555556
3.02777777778
2.52777777778
1.22222222222
1.09722222222
2.29166666667
3.06944444444
5.43055555556
3.40277777778
1.76388888889
3.44444444444
2.86111111111
4.31944444444
2.45833333333
1.77777777778
0.444444444444
1.83333333333
2.73611111111
1.86111111111
2.625
3.63888888889
1.83888888889
3.97777777778
1.15277777778
1.43055555556
4.56944444444
3.11111111111
2.08333333333
2.65277777778
1.63888888889
2.08333333333
6.06944444444
2.63888888889
2.0
1.79166666667
2.44444444444
1.88888888889
2.02777777778
1.91666666667
2.18055555556
2.06944444444
1.88888888889
4.26388888889
3.19444444444
3.66666666667
2.5
1.73611111111
3.34722222222
1.38888888889
2.66666666667
1.20833333333
1.31944444444
5.29166666667
2.34722222222
3.01388888889
5.73611111111
4.26388888889
1.25
1.90277777778
3.59722222222
3.44444444444
0.666666666667
2.75
0.375
2.08333333333
3.06944444444
4.56944444444
4.91666666667
2.55555555556
4.16666666667
4.5
5.19444444444
7.79166666667
5.30555555556
4.04166666667
5.05555555556
3.61111111111
2.63888888889
3.33333333333
3.41666666667
1.69444444444
1.41666666667
2.55555555556
2.81944444444
1.52777777778
1.73611111111
3.04166666667
1.70833333333
4.0
3.59722222222
3.81944444444
5.58333333333
0.888888888889
2.40277777778
3.97222222222
3.73611111111
2.95833333333
4.04166666667
3.83333333333
7.88888888889
3.94444444444
7.93055555556
5.61111111111
4.25
5.75
5.40277777778
2.84722222222
6.125
5.375
4.02777777778
3.375
3.33333333333
5.08333333333
4.125
4.375
8.20833333333
8.08333333333
5.80555555556
5.61111111111
1.93055555556
6.66666666667
6.56944444444
2.40277777778
3.625
4.63888888889
4.20833333333
3.73611111111
4.875
7.31944444444
11.6805555556
6.01388888889
2.31944444444
1.91666666667
3.93055555556
2.19444444444
5.08055555556
4.62222222222
3.41666666667
4.48611111111
4.70833333333
5.70833333333
2.73611111111
4.19444444444
6.125
5.54166666667
4.04166666667
6.97222222222
2.55555555556
2.43055555556
7.625
2.90277777778
1.23611111111
4.51388888889
4.59722222222
4.93055555556
4.375
0.861111111111
2.19444444444
2.36111111111
3.45833333333
4.72222222222
4.02777777778
2.76388888889
3.63888888889
2.33333333333
3.55555555556
4.09722222222
1.20833333333
3.5
3.0
2.88888888889
2.625
2.125
1.11111111111
3.34722222222
1.72222222222
1.27777777778
1.95833333333
2.79166666667
2.44444444444
2.91666666667
1.02777777778
1.125
2.20833333333
2.20833333333
2.38888888889
1.84722222222
0.875
2.25
1.88888888889
1.91666666667
1.34722222222
1.125
1.68055555556
3.41666666667
2.84722222222
0.666666666667
1.25
3.01388888889
2.19444444444
1.3
1.13888888889
1.73055555556
5.83333333333
1.47222222222
2.08333333333
1.0
1.75
4.25
1.08333333333
4.65277777778
2.26388888889
2.81944444444
0.638888888889
0.375
0.138888888889
0.944444444444
4.05555555556
2.80555555556
3.59722222222
2.26388888889
1.58333333333
0.611111111111
1.22222222222
0.5
1.51388888889
1.26388888889
1.41666666667
0.763888888889
1.22222222222
1.77777777778
2.125
1.30555555556
2.36111111111
1.33333333333
0.888888888889
3.59722222222
2.76388888889
