-0.902777777778
-2.12777777778
-1.93055555556
-1.67222222222
-2.18611111111
-1.78888888889
-2.36666666667
-1.825
-1.275
-1.11944444444
-1.23888888889
-2.62777777778
-3.07777777778
-1.71388888889
-2.20555555556
-2.325
-3.23611111111
-3.32222222222
-2.96111111111
-3.08611111111
-3.43611111111
-2.95555555556
-3.51111111111
-3.73333333333
-3.01666666667
-4.35277777778
-4.00555555556
-2.74166666667
-3.25555555556
-3.425
-2.82777777778
-2.96666666667
-3.675
-3.33333333333
-2.81111111111
-3.21388888889
-2.54722222222
-2.77222222222
-3.43055555556
-3.08055555556
-2.53611111111
-2.32222222222
-2.34444444444
-2.65833333333
-2.61388888889
-2.15277777778
-1.95
-2.76666666667
-2.275
-1.79722222222
-1.92777777778
-1.98333333333
-0.980555555556
-1.35833333333
-1.39444444444
-1.71666666667
-1.46388888889
-0.991666666667
-0.319444444444
-0.344444444444
0.0555555555556
-0.138888888889
0.644444444444
0.075
0.302777777778
0.788888888889
0.3
-0.0305555555556
0.319444444444
0.680555555556
0.511111111111
1.18611111111
1.38055555556
1.44444444444
1.43055555556
1.86944444444
1.83055555556
2.31666666667
2.76944444444
3.47777777778
2.81388888889
3.65
3.78055555556
3.525
3.74444444444
4.05
4.11388888889
4.8
4.76666666667
5.33055555556
5.16388888889
4.475
4.83055555556
6.20833333333
6.20833333333
7.63611111111
8.34722222222
7.73888888889
7.38611111111
7.78333333333
7.55833333333
8.12222222222
10.0944444444
9.77222222222
9.09444444444
8.93888888889
9.53888888889
10.325
10.6166666667
10.8777777778
11.5555555556
10.6638888889
11.5083333333
11.6944444444
11.45
12.4555555556
11.6
13.6333333333
13.1111111111
12.0638888889
13.0583333333
14.2944444444
14.75
14.5
14.1777777778
14.4
14.2083333333
15.5027777778
15.3722222222
17.2194444444
17.8722222222
16.2694444444
16.8833333333
15.3805555556
15.7194444444
15.7666666667
14.85
16.1888888889
15.9277777778
16.6527777778
17.9611111111
16.7527777778
18.2388888889
17.5888888889
18.6666666667
16.9305555556
17.3111111111
17.9666666667
18.2027777778
17.6805555556
18.0083333333
17.875
18.4416666667
18.8333333333
19.15
18.9111111111
19.5694444444
18.2805555556
19.5861111111
19.4111111111
19.7888888889
19.6027777778
18.7972222222
19.6777777778
20.025
20.1916666667
20.9222222222
21.3472222222
21.1694444444
19.8361111111
20.2388888889
20.3555555556
19.4444444444
20.9083333333
21.6055555556
21.7361111111
21.7416666667
22.2333333333
20.5
20.3333333333
20.9833333333
21.1666666667
20.425
21.7638888889
22.4333333333
22.475
22.65
21.3861111111
23.3611111111
22.8388888889
23.9194444444
22.8361111111
21.4444444444
21.8472222222
22.0472222222
22.0611111111
20.8527777778
22.0583333333
22.425
22.8472222222
23.4944444444
23.7944444444
23.2111111111
23.4111111111
23.5444444444
23.4583333333
23.625
23.7777777778
24.3638888889
23.6472222222
24.6972222222
26.3027777778
26.4305555556
25.2027777778
24.7277777778
25.5861111111
25.6194444444
26.1666666667
24.8027777778
25.8555555556
25.6277777778
24.6388888889
25.7972222222
25.8333333333
25.9222222222
26.3055555556
25.925
26.1861111111
24.3611111111
24.8083333333
25.5416666667
24.95
24.8416666667
25.2722222222
24.5666666667
23.325
24.0416666667
24.3861111111
24.2166666667
24.0888888889
24.2027777778
23.7805555556
23.0222222222
23.8861111111
23.3611111111
23.2416666667
23.5305555556
23.0972222222
23.1972222222
23.3861111111
22.4944444444
23.0916666667
22.1861111111
22.4777777778
21.175
21.8055555556
21.1222222222
22.2583333333
22.1277777778
22.3888888889
22.0416666667
21.1111111111
20.625
20.6944444444
21.0805555556
20.4388888889
21.1555555556
20.8111111111
20.9222222222
20.1555555556
19.3583333333
18.9222222222
18.8694444444
18.5694444444
18.9555555556
18.425
17.8527777778
19.0416666667
18.3083333333
17.1805555556
17.9472222222
17.6111111111
15.9861111111
16.9333333333
16.2277777778
17.0916666667
16.7916666667
16.7194444444
15.6916666667
16.8444444444
15.6277777778
15.3444444444
14.4722222222
14.8444444444
14.0833333333
14.6472222222
14.425
13.5416666667
13.2416666667
13.8472222222
12.7944444444
12.6388888889
12.1055555556
12.7277777778
12.0194444444
12.2055555556
11.1
11.9222222222
11.5416666667
11.2388888889
11.6694444444
10.8611111111
10.8194444444
10.1138888889
9.99444444444
9.71388888889
9.96944444444
8.96666666667
9.125
8.925
8.20277777778
7.6
7.16388888889
6.92777777778
6.75277777778
6.43611111111
5.77222222222
5.96388888889
5.15555555556
5.19166666667
5.82222222222
5.19722222222
4.82777777778
4.90833333333
5.575
4.875
4.05555555556
3.52777777778
3.29444444444
3.48888888889
2.84444444444
2.37777777778
2.71388888889
2.325
2.85277777778
1.78888888889
2.03055555556
1.54166666667
0.605555555556
0.352777777778
-0.216666666667
0.486111111111
0.0166666666667
0.533333333333
0.652777777778
-0.163888888889
-0.694444444444
-1.08611111111
-0.363888888889
-0.286111111111
-0.944444444444
-0.611111111111
-1.05
-0.855555555556
-0.405555555556
