6.48888888889
6.01666666667
5.67777777778
6.25555555556
6.39166666667
6.30833333333
6.02777777778
6.175
6.06388888889
6.56666666667
6.52222222222
6.53888888889
6.35
6.44444444444
6.72777777778
7.16944444444
7.13611111111
6.94444444444
6.79722222222
6.3
6.27222222222
6.98333333333
6.96111111111
7.17777777778
7.31111111111
8.20277777778
7.13333333333
8.01666666667
8.30277777778
7.33611111111
7.67222222222
8.73333333333
7.74722222222
7.525
8.22222222222
8.13055555556
9.00277777778
9.75277777778
9.08055555556
9.36944444444
9.43055555556
8.98055555556
10.0666666667
9.19166666667
9.70277777778
10.15
10.3361111111
9.65833333333
10.1027777778
9.96388888889
10.4305555556
9.53333333333
10.5611111111
10.5027777778
11.2444444444
10.4194444444
10.3777777778
10.6388888889
11.025
12.1611111111
11.05
11.6944444444
12.2833333333
11.3166666667
11.8166666667
13.5
12.9583333333
12.7861111111
11.7916666667
12.8805555556
12.925
13.0194444444
13.5055555556
12.7805555556
14.1805555556
14.2444444444
13.4583333333
13.7083333333
14.3388888889
14.35
12.2611111111
13.9111111111
14.2
13.6694444444
14.7277777778
13.1166666667
14.5361111111
15.9972222222
15.2
15.1472222222
14.4111111111
15.0583333333
14.8416666667
15.3916666667
15.2805555556
14.9305555556
15.3888888889
16.4138888889
14.75
15.7805555556
14.6194444444
13.8055555556
16.8166666667
15.6777777778
14.7277777778
14.725
16.0361111111
15.025
15.5638888889
13.7277777778
15.0833333333
14.6138888889
14.6527777778
15.5361111111
15.6138888889
14.7166666667
13.9583333333
16.0583333333
15.7361111111
15.3416666667
15.6444444444
15.7722222222
15.2027777778
14.3138888889
15.3777777778
17.0972222222
16.3361111111
16.4527777778
16.4194444444
17.1972222222
17.3333333333
16.2305555556
16.9555555556
14.9805555556
15.4055555556
15.6055555556
14.7194444444
16.4277777778
16.2694444444
14.6694444444
16.6388888889
15.2222222222
17.3416666667
14.8416666667
16.0972222222
14.0972222222
15.7361111111
16.6194444444
15.1944444444
14.4055555556
15.9944444444
16.7333333333
15.5
15.4666666667
15.5888888889
14.1333333333
15.8138888889
12.4527777778
15.5694444444
14.7833333333
14.8166666667
15.575
14.15
16.0555555556
14.5055555556
15.7722222222
16.0305555556
14.5916666667
14.5888888889
12.4666666667
13.0916666667
13.3
12.7277777778
15.5805555556
16.3805555556
14.1722222222
14.7277777778
15.4055555556
12.5
12.1361111111
12.2861111111
13.3472222222
12.4444444444
15.0111111111
16.5583333333
15.5305555556
16.2583333333
12.3111111111
14.6583333333
13.4944444444
15.7222222222
13.4611111111
11.0444444444
11.425
12.1166666667
11.8222222222
9.69722222222
11.2222222222
10.5638888889
11.7194444444
12.6416666667
12.5388888889
12.0694444444
12.3638888889
12.3083333333
11.7027777778
12.9555555556
11.7
12.9861111111
11.2305555556
13.1583333333
15.125
13.2555555556
12.2888888889
12.2055555556
13.5277777778
12.9083333333
13.9722222222
12.775
14.7027777778
13.1055555556
10.9027777778
12.0388888889
13.1861111111
13.2083333333
14.6
13.9777777778
13.575
9.87777777778
11.9555555556
11.9555555556
12.4166666667
12.6888888889
12.7111111111
10.8944444444
10.025
11.9666666667
12.6833333333
12.7444444444
11.925
11.8722222222
12.2916666667
11.3361111111
13.1416666667
11.9611111111
11.2638888889
11.9638888889
11.1305555556
11.9722222222
11.9333333333
11.2583333333
11.4388888889
11.15
12.6361111111
10.9666666667
10.3805555556
8.90555555556
11.85
13.5388888889
12.7361111111
13.0361111111
11.9722222222
10.4972222222
10.8083333333
12.4416666667
10.1972222222
12.1611111111
11.8805555556
12.5388888889
11.7638888889
11.2083333333
11.175
11.7027777778
10.1805555556
12.9527777778
11.4611111111
10.7916666667
12.3944444444
11.7944444444
10.9444444444
10.6444444444
10.6944444444
9.71388888889
11.525
10.6277777778
11.5388888889
11.2861111111
10.2361111111
9.80555555556
10.6111111111
9.76666666667
9.82222222222
8.99166666667
10.2527777778
10.1861111111
9.96944444444
10.0833333333
10.7666666667
9.86388888889
9.66666666667
9.80555555556
8.41944444444
9.10555555556
10.2194444444
9.63055555556
8.58611111111
8.43888888889
8.39444444444
9.21111111111
8.78333333333
8.55555555556
8.60555555556
8.61666666667
8.04722222222
7.59722222222
7.41111111111
7.76388888889
7.37777777778
8.06388888889
7.475
7.64722222222
6.73888888889
7.19722222222
8.52222222222
7.03333333333
6.88888888889
7.07777777778
7.0
7.04444444444
6.55555555556
6.55
7.14722222222
6.94444444444
6.925
6.11111111111
6.70277777778
6.64444444444
6.33611111111
5.53055555556
5.39444444444
6.45555555556
7.14444444444
6.95555555556
6.53611111111
6.16111111111
5.31666666667
5.44166666667
5.39166666667
5.96388888889
5.79722222222
6.30833333333
6.85277777778
6.1
6.40555555556
6.22777777778
6.41111111111
6.16111111111
6.00555555556
5.84722222222
5.56944444444
5.69722222222
5.78611111111
6.18888888889
5.28055555556
5.58611111111
