No.  Sorted_Seasonal_Rain  Year Forecast_pdf Forecast_CDF
  1         42.0          1983     0.02750      0.03
  2         67.0          1991     0.02750      0.05
  3         87.0          1984     0.02750      0.08
  4         93.0          1995     0.02750      0.11
  5         94.0          1978     0.02750      0.14
  6         95.0          1987     0.02750      0.16
  7        105.0          2011     0.02750      0.19
  8        107.0          1996     0.02750      0.22
  9        121.0          1986     0.02750      0.25
 10        123.0          1982     0.02750      0.28
 11        131.6          1979     0.02750      0.30
 12        133.0          1992     0.02750      0.33
 13        138.0          2005     0.02833      0.36
 14        140.0          1994     0.02833      0.39
 15        146.0          1980     0.02833      0.42
 16        147.0          2008     0.02833      0.44
 17        147.0          1985     0.02833      0.47
 18        149.0          2001     0.02833      0.50
 19        158.0          2007     0.02833      0.53
 20        165.0          1993     0.02833      0.56
 21        166.0          1981     0.02833      0.58
 22        167.0          1998     0.02833      0.61
 23        169.0          2000     0.02833      0.64
 24        172.0          2004     0.02833      0.67
 25        181.0          2006     0.03000      0.70
 26        186.0          2003     0.03000      0.73
 27        188.0          1988     0.03000      0.76
 28        211.0          1999     0.03000      0.79
 29        212.0          2009     0.03000      0.82
 30        220.0          1997     0.03000      0.85
 31        226.0          1989     0.03000      0.88
 32        231.0          2002     0.03000      0.91
 33        237.5          2010     0.03000      0.94
 34        252.5          1977     0.03000      0.97
 35        347.0          1990     0.03000      1.00
